[[3.83191, -3.69306, 4.0, 0.06284],
[4.08326, -3.69492, 4.0, 0.06284],
[4.33461, -3.69661, 4.0, 0.06284],
[4.58597, -3.69805, 3.07801, 0.08166],
[4.83732, -3.69927, 2.40707, 0.10442],
[5.08868, -3.70026, 2.04023, 0.1232],
[5.34003, -3.70101, 1.80164, 0.13952],
[5.59139, -3.70151, 1.62955, 0.15425],
[5.83967, -3.69623, 1.4986, 0.16571],
[6.07877, -3.67635, 1.38987, 0.17262],
[6.30228, -3.63578, 1.3, 0.17474],
[6.50491, -3.57173, 1.3, 0.16347],
[6.68293, -3.48398, 1.3, 0.15267],
[6.83362, -3.37366, 1.3, 0.14366],
[6.95443, -3.24235, 1.3, 0.13726],
[7.04175, -3.09146, 1.3, 0.1341],
[7.08959, -2.92254, 1.47748, 0.11883],
[7.10405, -2.74201, 1.59199, 0.11376],
[7.08588, -2.55274, 1.73801, 0.1094],
[7.03567, -2.35716, 1.92945, 0.10465],
[6.95461, -2.15753, 2.1995, 0.09796],
[6.84555, -1.95593, 2.62501, 0.08731],
[6.71391, -1.75397, 2.82942, 0.08521],
[6.56778, -1.55232, 2.63105, 0.09465],
[6.41526, -1.35422, 2.46549, 0.1014],
[6.25737, -1.16533, 2.32755, 0.10577],
[6.09357, -0.98835, 2.20011, 0.10961],
[5.9236, -0.82558, 2.09059, 0.11257],
[5.74746, -0.67894, 1.97951, 0.11578],
[5.56536, -0.55004, 1.97951, 0.11271],
[5.37768, -0.44029, 1.97951, 0.10983],
[5.18495, -0.35096, 1.97951, 0.10731],
[4.98782, -0.28345, 1.97951, 0.10526],
[4.78709, -0.23932, 1.97951, 0.10382],
[4.58383, -0.22075, 2.04496, 0.09981],
[4.3795, -0.22606, 2.08437, 0.09806],
[4.17528, -0.25414, 1.98849, 0.10367],
[3.97218, -0.30423, 1.90376, 0.10988],
[3.7711, -0.37584, 1.73538, 0.123],
[3.57588, -0.46716, 1.73538, 0.12419],
[3.38251, -0.53406, 1.73538, 0.11791],
[3.18876, -0.57777, 1.73538, 0.11445],
[2.99473, -0.59774, 1.73538, 0.1124],
[2.80179, -0.59277, 1.73538, 0.11121],
[2.61305, -0.55862, 1.79262, 0.107],
[2.43152, -0.49808, 1.84742, 0.10358],
[2.25973, -0.41374, 1.90868, 0.10027],
[2.0996, -0.30829, 1.97252, 0.0972],
[1.95258, -0.18428, 2.04241, 0.09417],
[1.81963, -0.04423, 2.12182, 0.09101],
[1.70124, 0.10947, 2.22466, 0.08721],
[1.59729, 0.27448, 2.3496, 0.083],
[1.50717, 0.44874, 2.51569, 0.07798],
[1.42976, 0.63045, 2.72458, 0.07249],
[1.36359, 0.81827, 3.01938, 0.06595],
[1.30684, 1.01117, 3.27317, 0.06143],
[1.25742, 1.20828, 2.70074, 0.07524],
[1.21307, 1.40859, 2.34867, 0.08735],
[1.17139, 1.61072, 2.1109, 0.09777],
[1.12669, 1.82612, 1.93004, 0.11398],
[1.07622, 2.04157, 1.78546, 0.12394],
[1.01479, 2.25544, 1.66894, 0.13333],
[0.93862, 2.46252, 1.56517, 0.14097],
[0.84641, 2.65498, 1.56517, 0.13635],
[0.73844, 2.8276, 1.56517, 0.13009],
[0.61487, 2.9782, 1.56517, 0.12446],
[0.47554, 3.10529, 1.56517, 0.12049],
[0.32009, 3.20679, 1.56517, 0.11862],
[0.14777, 3.27884, 1.74632, 0.10695],
[-0.03747, 3.32564, 1.83805, 0.10395],
[-0.23428, 3.34728, 1.93079, 0.10255],
[-0.44161, 3.34295, 1.99321, 0.10404],
[-0.65849, 3.31026, 2.05824, 0.10656],
[-0.88124, 3.24689, 2.12888, 0.10878],
[-1.0994, 3.15437, 2.2036, 0.10754],
[-1.30245, 3.03886, 2.28448, 0.10226],
[-1.48775, 2.90566, 2.37295, 0.09617],
[-1.656, 2.75826, 2.47047, 0.09054],
[-1.80863, 2.599, 2.57485, 0.08567],
[-1.94704, 2.4295, 2.69277, 0.08127],
[-2.07249, 2.25098, 2.81957, 0.07738],
[-2.18605, 2.0644, 3.05381, 0.07152],
[-2.28933, 1.87102, 2.96911, 0.07384],
[-2.38359, 1.67175, 2.44408, 0.09019],
[-2.47007, 1.46748, 2.12415, 0.10443],
[-2.55007, 1.25912, 1.89989, 0.11748],
[-2.6222, 1.05552, 1.73286, 0.12465],
[-2.69978, 0.85643, 1.73286, 0.12331],
[-2.78715, 0.66552, 1.73286, 0.12116],
[-2.88807, 0.48617, 1.73286, 0.11876],
[-3.00579, 0.3216, 1.73286, 0.11676],
[-3.14337, 0.17533, 1.73286, 0.11589],
[-3.30411, 0.0519, 1.97891, 0.10241],
[-3.48269, -0.05262, 2.11779, 0.0977],
[-3.67744, -0.13896, 2.28859, 0.09308],
[-3.88684, -0.20792, 2.50831, 0.08789],
[-4.10926, -0.26061, 2.79831, 0.08169],
[-4.34288, -0.29866, 2.98218, 0.07937],
[-4.58558, -0.32435, 2.78628, 0.08759],
[-4.83631, -0.34086, 2.62367, 0.09577],
[-5.08542, -0.36696, 2.48273, 0.10089],
[-5.3312, -0.40468, 2.36091, 0.10532],
[-5.57207, -0.45584, 2.26427, 0.10875],
[-5.80634, -0.52201, 2.18576, 0.11137],
[-6.03224, -0.60445, 2.11664, 0.11361],
[-6.24787, -0.70416, 2.05254, 0.11574],
[-6.45113, -0.82189, 1.99106, 0.11797],
[-6.6397, -0.95808, 1.93192, 0.1204],
[-6.81111, -1.11265, 1.87573, 0.12305],
[-6.96267, -1.28492, 1.82144, 0.12597],
[-7.09143, -1.47349, 1.76709, 0.12922],
[-7.19416, -1.67597, 1.71336, 0.13252],
[-7.26767, -1.88862, 1.66191, 0.13538],
[-7.30939, -2.10624, 1.60686, 0.1379],
[-7.31807, -2.32267, 1.60686, 0.1348],
[-7.29406, -2.53182, 1.60686, 0.13102],
[-7.23885, -2.72859, 1.60686, 0.12719],
[-7.1542, -2.90909, 1.60686, 0.12407],
[-7.04153, -3.07016, 1.60686, 0.12233],
[-6.90123, -3.20829, 1.83524, 0.10728],
[-6.74059, -3.32701, 1.94823, 0.10253],
[-6.56186, -3.42669, 2.08246, 0.09827],
[-6.36693, -3.5077, 2.24309, 0.0941],
[-6.15756, -3.57052, 2.4465, 0.08935],
[-5.9356, -3.61607, 2.71417, 0.08348],
[-5.7031, -3.64586, 3.09195, 0.07581],
[-5.46235, -3.66222, 3.67878, 0.06559],
[-5.21579, -3.6683, 4.0, 0.06166],
[-4.96581, -3.66803, 4.0, 0.06249],
[-4.71447, -3.66584, 4.0, 0.06284],
[-4.46312, -3.6639, 4.0, 0.06284],
[-4.21178, -3.66221, 4.0, 0.06284],
[-3.96042, -3.66074, 4.0, 0.06284],
[-3.70907, -3.65949, 4.0, 0.06284],
[-3.45771, -3.65845, 4.0, 0.06284],
[-3.20635, -3.65763, 4.0, 0.06284],
[-2.95499, -3.65702, 4.0, 0.06284],
[-2.70363, -3.65663, 4.0, 0.06284],
[-2.45226, -3.65646, 4.0, 0.06284],
[-2.20089, -3.65651, 4.0, 0.06284],
[-1.94952, -3.65677, 4.0, 0.06284],
[-1.69815, -3.65718, 4.0, 0.06284],
[-1.44678, -3.6578, 4.0, 0.06284],
[-1.1954, -3.65865, 4.0, 0.06284],
[-0.94402, -3.65971, 4.0, 0.06285],
[-0.69264, -3.66098, 4.0, 0.06285],
[-0.44126, -3.66249, 4.0, 0.06285],
[-0.18988, -3.66404, 4.0, 0.06285],
[0.06149, -3.66561, 4.0, 0.06285],
[0.31286, -3.66722, 4.0, 0.06284],
[0.56424, -3.66886, 4.0, 0.06284],
[0.81561, -3.67053, 4.0, 0.06284],
[1.06697, -3.67224, 4.0, 0.06284],
[1.31834, -3.67397, 4.0, 0.06284],
[1.5697, -3.67574, 4.0, 0.06284],
[1.82107, -3.67753, 4.0, 0.06284],
[2.07243, -3.67936, 4.0, 0.06284],
[2.32379, -3.68123, 4.0, 0.06284],
[2.57515, -3.68312, 4.0, 0.06284],
[2.8265, -3.68504, 4.0, 0.06284],
[3.07786, -3.687, 4.0, 0.06284],
[3.32921, -3.68899, 4.0, 0.06284],
[3.58056, -3.69101, 4.0, 0.06284]]